.Random.seed <-
c(403L, 624L, 1605289438L, 1155446983L, 780341852L, -113221715L, 
1024812682L, 1726094979L, -48097816L, -2058333495L, 676298742L, 
-786500097L, -28839884L, 922877349L, 605978146L, -151733445L, 
-357110464L, 734542913L, 1990757646L, 556837431L, -1227613940L, 
1177135773L, -140207942L, 1128906483L, 1605582744L, -61037383L, 
1866878246L, -94587537L, -421335836L, 1453541013L, -236317102L, 
-1310193237L, 1224240368L, 2036821041L, -461299650L, -1438124121L, 
-86258756L, -686378611L, 364730090L, 1559395171L, 970184008L, 
-440503639L, 402482774L, 2054377695L, 978458004L, -194524283L, 
-940000638L, 2116547611L, 25090208L, 2083756065L, -1406435474L, 
-1816420073L, 1971661420L, 154563709L, -1727880934L, 1248023507L, 
-258025736L, -1760248679L, -976761978L, 1373227087L, 1658874436L, 
-44135307L, 1045260978L, 1025211019L, -825937840L, -945045487L, 
1566223006L, 115517063L, -1401211620L, -1787301011L, -1143507126L, 
-740079549L, 2146387112L, -574717303L, -1061651274L, 784800703L, 
-1382487308L, -1302951579L, -1112856862L, -1175872261L, 1510372352L, 
-552672255L, 1149346254L, 315885559L, -534189108L, -2138427811L, 
559864186L, 1668896947L, 710942296L, -287652743L, 631405030L, 
-583906513L, -96036956L, -1747008939L, -1349193966L, 427383659L, 
-348281936L, 626787313L, -1697422082L, 476497255L, -1145483652L, 
182199629L, 91998122L, 1961657635L, 692872200L, 1464369769L, 
370721558L, -1227729249L, 1802793044L, 1715877701L, -1370635454L, 
1248966107L, 421904224L, -850255903L, -1237126098L, 1311891159L, 
85417260L, -1600333763L, 1825653210L, 96718227L, 1557075384L, 
-341394343L, -395421626L, 320749071L, 376272132L, -107222987L, 
-1260870798L, 1966713931L, 2033829648L, -915392559L, 964906846L, 
143414343L, 1290672092L, -910473427L, 1422018570L, 88486403L, 
-71093400L, -1202425271L, 1471560054L, -1219690113L, -1287871052L, 
1101976869L, 1324912546L, 1811431099L, 1337244352L, -1141552191L, 
1141339790L, 1368204727L, -1633124724L, 434532893L, -479077830L, 
-998591885L, 1136901400L, -244276167L, -1279039834L, 1180016879L, 
1286406756L, 839777813L, -919566382L, 445934891L, 1066506864L, 
-421504079L, -1576900162L, 1158370087L, 812749116L, 546134285L, 
-1748830102L, 1713917667L, 690729672L, -489008599L, 287891414L, 
-1326506913L, -263615724L, -1308073211L, 1623428098L, -155895909L, 
-91527648L, 468740001L, -60348178L, -2070029161L, 322195436L, 
1491008509L, 2035851930L, 1322649427L, 118887544L, -533693415L, 
2033820934L, -1517259825L, 1583169476L, -1934818315L, 1941216306L, 
1874959883L, -249750064L, -1398509679L, 149468190L, -1482964473L, 
-493110628L, 432691949L, 1217779914L, -1798644797L, 1331552808L, 
886186505L, 436778550L, 7382847L, -1175248780L, 1623908581L, 
-1329153950L, 1591779451L, 42058112L, 1513845633L, -1174795442L, 
-1424227465L, 1964167500L, -2046921251L, -1365402886L, 1879952435L, 
983440344L, 333333497L, 1986597734L, 998684335L, 953560356L, 
-1863255595L, 1199366290L, 1996046059L, 750014768L, 1169453937L, 
1859006078L, 1643487463L, -1950051332L, 2078952653L, 1834150186L, 
-1436165981L, 2016526728L, -2009865751L, -1779581802L, -561405409L, 
-745445932L, 862867141L, 404362434L, -1263371941L, 1013959904L, 
-540119199L, 592977326L, -457205161L, -2103704916L, -2051219523L, 
-1890008230L, 257556755L, -567028936L, 1685191641L, 887730630L, 
-286234225L, -177223036L, 38920117L, -475966222L, -831303733L, 
2100245648L, -653760687L, -1605707554L, 30470087L, 4463964L, 
-916115795L, -1743640182L, -600750717L, 427774184L, 855085513L, 
-193989898L, 1609698559L, 746347316L, 1265282213L, 2077597986L, 
-1537031621L, 1764591680L, 295787329L, -1424400370L, -1388273353L, 
-1507335156L, -124634723L, -1281221702L, 804431347L, 1571764888L, 
635675577L, -1974239194L, -2105176977L, -645785628L, -532171371L, 
-214304430L, -1335373653L, 1499842544L, -1986507983L, 905360190L, 
1894100647L, -1066248516L, 1085472909L, -420767254L, 2070225507L, 
354324552L, 118829481L, -249079466L, 1969350623L, -536084332L, 
104331909L, -854499966L, 1982429979L, 898823072L, 1353463585L, 
-1881812370L, -598271977L, -166824596L, 989234045L, 1066509338L, 
-250627373L, -1863822856L, 673921945L, -1740734842L, -1795285169L, 
1449465156L, 1716157301L, 761187762L, -217136757L, 607128400L, 
1985748753L, -1805009506L, -185868921L, -123256804L, -599014803L, 
66533962L, -180785341L, -1192788056L, 1384432009L, -1817448522L, 
-342805825L, 899175924L, -45205403L, 149244386L, 238986235L, 
980946688L, -102300927L, -601525042L, -1514471689L, 883406540L, 
1700904285L, -482386822L, -1914093645L, -1145628328L, -1220492423L, 
-868045594L, -1592647121L, 158384804L, 198324565L, 1428673042L, 
144712299L, 744881840L, -1169431823L, -331614210L, 798719079L, 
-2126849668L, 1386705997L, 625805994L, -756667357L, -1095622904L, 
-549568151L, 798340630L, 1798827423L, -1602659500L, 103114309L, 
946431554L, -321241893L, -55256480L, 1716109025L, 1721780014L, 
-1725671977L, -800348116L, 1280042813L, -624737062L, 1572287635L, 
-1913417544L, -1692648615L, -537392314L, -42363633L, -1141039100L, 
-2074683595L, 967640690L, -11275445L, -1394630128L, 1818203857L, 
973431390L, 514624327L, -561700132L, 373167661L, 218434314L, 
-1180477181L, 1280732776L, -214322871L, 1685892214L, 2030966911L, 
-1073278796L, 842368037L, 1890955938L, 775177659L, -316582464L, 
-355702079L, -773961330L, -1572135753L, -481146484L, -2144534243L, 
-298492614L, -743335565L, 594917400L, 397779769L, -654927450L, 
-588482577L, 1667378532L, -1085248235L, -1241093422L, -2124270549L, 
-864750224L, -1618003279L, 1180564670L, 467077671L, 1088298044L, 
1434953741L, 154614634L, 1789457891L, -206803512L, 1349456169L, 
502846166L, 1976283999L, 1603892756L, -822701563L, -756928766L, 
-1971011941L, 1754628384L, -664336735L, -1938326546L, 149377943L, 
873700076L, 1300040445L, 1907205530L, 2131783251L, 68521848L, 
-318440679L, 148264966L, 1310902991L, 553118404L, -399052043L, 
-1320419534L, -721230581L, -1644300080L, 1657982609L, -1512192226L, 
-590153465L, -2070035044L, -84137491L, -201614390L, -1020329277L, 
-1299440344L, 886464777L, -1818089162L, -1641497025L, 1988660084L, 
1709215717L, -1945707678L, 1443080059L, -1209443200L, 2081526401L, 
-788275634L, 1890646647L, 887594060L, -1129052963L, 1162092026L, 
185316147L, 598415064L, 1459766009L, 221202022L, 1003785647L, 
1108760612L, 1719822549L, 513131410L, -596769301L, 542288944L, 
-1054715279L, -1189297794L, 1935169511L, 840703740L, -1391223859L, 
862596138L, -1133674589L, -221414264L, 1516740841L, 1225830294L, 
182270239L, 673992916L, -1133806139L, -717506622L, -2132213669L, 
267708384L, 516165217L, -1508151122L, -648015529L, 69619116L, 
-1840648515L, -720320934L, 1054566419L, -502378952L, 228948697L, 
-812030778L, 1824112783L, 1075148164L, -576008523L, -50612238L, 
366712523L, 1045106576L, -1049246127L, -1397560354L, 1293887175L, 
2108762204L, -834273875L, -1181029238L, 1805413507L, -1974957080L, 
-149237559L, 232547830L, -1331616769L, -1008941516L, -737191003L, 
-208092126L, -1754478277L, -1852824768L, 91650625L, -564776178L, 
-1632856009L, 1814540044L, 1320601757L, 422289082L, -38302477L, 
186070424L, 1155965625L, -2052279514L, -2088082577L, -1068678428L, 
757605525L, 1469439058L, -1685874773L, -826334480L, 1724197425L, 
2033731134L, 870278567L, 1203036604L, 2097893261L, 77978858L, 
32754019L, -1160426680L, -1125650263L, -40022954L, 1613528799L, 
-990778476L, -364631675L, 943063170L, -1043922405L, 1234374304L, 
1897977377L, 407643502L, 2018414359L, -482099092L, 779260541L, 
-1783847142L, 1188569555L, -694301448L, -1396852071L, -1325321850L, 
-16878001L, -1810513852L, 1886546549L, 1165766834L, 597559435L, 
-1803098544L, -1341620719L, -482029410L, 1297159303L, 478104348L, 
-1814326931L, 513998154L, -861170109L, 843823784L, -641269623L, 
2146132662L, -969455169L, -758923020L, 2021779301L, 2845922L, 
-1003508997L, 819309056L, -1631903231L, -1097513010L, 2046686711L, 
-1949138484L, 703941725L, 1521213306L, 896870067L, -394652584L, 
1898103417L, 523165670L, 969799983L, -1194922588L, -16670635L, 
