.Random.seed <-
c(10403L, 1L, -891758809L, 1444107133L, 1076700788L, -1840965542L, 
-876158811L, 147899071L, 2011437382L, 70332368L, 1665903091L, 
-7125743L, 1775755584L, 695554334L, -691935767L, -478615781L, 
-1701703382L, -459699636L, -483109361L, -630539963L, -916479236L, 
844323154L, -1859490099L, 176899719L, -491499154L, -2080789688L, 
-157159605L, -135285079L, 1402637304L, -533089498L, 2056909889L, 
-1981278765L, 263133058L, -759669836L, -457329865L, -1760341459L, 
-426683580L, 1008810090L, -204873003L, -1593664401L, -520514186L, 
1679367840L, 1103993699L, -1981321215L, 692034416L, -1047473394L, 
106802553L, -1705408245L, -1877902790L, 364851516L, 1484299903L, 
275711445L, 1631353836L, -124420798L, 1758397085L, 742698775L, 
508022398L, 452193848L, -1499277029L, -1947500935L, -1838073144L, 
-920556810L, 1504633649L, 219296611L, -1196095182L, 1527478916L, 
-965421369L, 646585757L, -1080297196L, -879093830L, 1103544837L, 
-107736097L, 708766310L, -1846549008L, 740336403L, 1147407537L, 
223514464L, -1102836482L, -1345680247L, -358241349L, 1704134026L, 
1674577004L, 1304665583L, -2054842843L, 216249052L, -115709774L, 
1673538477L, -1942196377L, -1414120306L, 1488959848L, -1630541461L, 
-453776631L, 749551000L, -356438842L, -1589725663L, 1931122355L, 
229751842L, 1931855380L, 1494137495L, 563311757L, -1315309148L, 
1862853514L, 755847157L, 1496858191L, 14502230L, -991038464L, 
2041347395L, 1421930721L, -1956935088L, -1423591762L, 2067661401L, 
1308043883L, 427859930L, -313007972L, 1386713759L, 645349621L, 
-987543156L, 815850594L, 937436221L, -655735113L, 1717593438L, 
2021469336L, -746424325L, -1397998183L, 2128625192L, 651282134L, 
570626897L, -199608829L, -525764206L, -1724283100L, 1526065639L, 
-462207427L, 2116776116L, 1055909658L, -120992667L, 1511900415L, 
-1584880250L, 1319590672L, 84680627L, -1339251631L, 1321715712L, 
1529239774L, -1985998039L, -1002696997L, -585720342L, -1779079796L, 
79608527L, -1101527419L, 889791804L, 841148434L, 785762061L, 
526722119L, 1935541806L, 1782050696L, 330345099L, 1394490473L, 
1942462520L, 1810000102L, -143093631L, 1944070163L, -585941054L, 
2012530804L, 334995063L, 888995693L, 565411844L, -217941206L, 
-255860587L, -408002769L, 366274102L, 303055456L, -1431977821L, 
-1632906303L, -247652432L, 1588947662L, 977295417L, 1404198475L, 
91775994L, -1317105924L, 832947007L, 1527876629L, 794650412L, 
2073054210L, 338915037L, 1852980695L, -177432386L, 2140195576L, 
-1276948261L, -385854663L, 440374920L, 928506422L, -1175405967L, 
-759447389L, -419198478L, 2033150276L, 1127989767L, 282021853L, 
-1543563052L, 871163898L, -829710523L, 1929563039L, 1279885606L, 
1499591088L, 416000595L, 454104433L, 194442400L, -1798679490L, 
1906514761L, 1038109179L, 1764306378L, 745497388L, 548342575L, 
-2002660891L, -1463165796L, -1376519950L, 1862971757L, -303759705L, 
95236302L, -2064294360L, -232511957L, 895462473L, -430969512L, 
-1398057978L, 1601574369L, -64258189L, -1233593374L, -762940588L, 
1907695191L, 1702577741L, -982369820L, 1712825784L, 1845954394L, 
-1651390320L, -1724456068L, 403266324L, 1085768002L, -741416192L, 
954738620L, -1108991152L, -1034425054L, -337177016L, 117155852L, 
519833692L, -107195950L, 1588408832L, -278660780L, 943883496L, 
-704594694L, 145186512L, 186262828L, 1602996468L, 1442631058L, 
878940512L, -1132408820L, 359102176L, -817288606L, -88152408L, 
-1736145332L, -1556782212L, -2001410766L, -1775307152L, -1426420924L, 
1052279768L, -1231958150L, 1802865200L, 276360124L, 1296552532L, 
-627407806L, 1942192288L, 1172323004L, -1481212464L, -1999943838L, 
-1767093528L, -1372203828L, -820310532L, -806635022L, 1413420672L, 
2013926900L, -1329286520L, 98082618L, -371130544L, -1183843220L, 
-24021612L, 1413399634L, -1678763552L, 2117496012L, 1131292832L, 
-1439331966L, 1634130152L, -328557844L, -373504708L, 400016498L, 
1419644016L, 1214616612L, 2146390072L, 591946522L, 1562404048L, 
-545582276L, -247521388L, -6023294L, -633377344L, -1706823108L, 
-1728546416L, 1808552482L, -2123494136L, -1437375860L, 1125320476L, 
-1719900014L, -337057408L, 473803284L, -446438616L, -516334022L, 
-593505840L, -331827860L, -1429902412L, -854193134L, 1271732704L, 
1835391948L, 1581254880L, -2061369310L, -594539224L, -1660146164L, 
1664056124L, 261456882L, -2091884816L, 573252164L, -825037224L, 
1972142906L, 1551229424L, 255684284L, -465162988L, 318977730L, 
-1600653216L, -248506500L, -367215664L, 1053158690L, 336430760L, 
-1900569716L, -850629444L, 1829783346L, -2018428352L, -381161292L, 
-1434854840L, 1571999162L, 1854263824L, 1749972716L, -907934380L, 
-2038876910L, -738252384L, 299448012L, 1117363808L, -521712702L, 
-1004279000L, 87927724L, -933789892L, -2124513934L, 324529968L, 
-1799932636L, -810298568L, -2053878054L, -847307888L, 1097632508L, 
1467536276L, 903405634L, 284758272L, 484301884L, -802958000L, 
-954019678L, -1866889912L, 1508317964L, 430856924L, -1973739182L, 
831137920L, -1535300524L, -1039330328L, -1119490822L, -2107789488L, 
2074834732L, -933896844L, 1688518546L, -526504864L, 121193868L, 
-1210301600L, 134850018L, -1796074584L, 1488214220L, 47223804L, 
714191282L, 981319152L, 749641668L, -1618802344L, 1587498362L, 
-884148304L, -1963663940L, 2117620820L, -1015806014L, -1097439200L, 
1535000764L, 364119632L, -1657030686L, 1005410408L, 1055250508L, 
-1887869700L, 1616336882L, -439288576L, -994257548L, -1367588856L, 
302011322L, -1123101232L, 1118851052L, -1342184044L, 666034642L, 
449141088L, 1553390412L, 1184739616L, -956168318L, -909017368L, 
853649644L, 2136541244L, -1860616334L, 241061488L, 1005763620L, 
-1091907784L, 506379418L, 1835451088L, 525848764L, 1568472724L, 
1854172802L, -183467840L, 1640343356L, -1958121328L, 961019426L, 
-964760568L, -1675219700L, -2011349860L, 1930211858L, -2007493760L, 
407184916L, -919405016L, -917717702L, 927460816L, -1574029204L, 
-1040497356L, -763770222L, -1139015840L, -1602023604L, 761911264L, 
2139622306L, 1969503144L, -65803892L, -983077700L, -397475470L, 
61839600L, -1878828988L, -631315112L, 869698106L, 360664944L, 
1827322446L, -1337482629L, -1907899939L, 169150474L, 1811994920L, 
-1328978031L, -1612650109L, -1073052028L, -525945678L, 386745351L, 
-924053423L, -1160822826L, 416288436L, 1410838213L, 1498521615L, 
2094133384L, 1940672934L, 1265355091L, 314964661L, -710324206L, 
1606459872L, -180792247L, 1761608315L, 265833292L, 896466650L, 
2105971407L, -922946919L, 799907502L, -1383515204L, 1739097133L, 
-113390633L, 1505944096L, 592503678L, 255503691L, 1822494541L, 
-603757190L, 147740600L, 1934298465L, 740442387L, -591808204L, 
-196119742L, 1661199191L, -278437215L, 910070630L, -1272402588L, 
2129942677L, 1337219519L, -774828712L, -239340682L, -135294589L, 
-184691771L, 408029410L, -2048905904L, -113476487L, -1400762453L, 
-520719076L, 372933194L, 2136573503L, 681646729L, 1230290590L, 
-128738484L, -1405797603L, 1069566631L, -1685880368L, 2068293998L, 
-1290808293L, 581860733L, 1941371754L, -600867320L, 704885425L, 
-134120157L, 540626468L, -1590057774L, -948411097L, -472420495L, 
1773612470L, 465442132L, 1589220325L, -1995616785L, -1164421848L, 
-2562682L, 1442365875L, -1941496555L, 972488562L, -1173271616L, 
199842857L, 1526868123L, -662325908L, 1980116346L, 696540847L, 
-1861122631L, 691939278L, 262489884L, -1119684979L, -947210505L, 
-1841776128L, -1162345378L, -50231509L, 461055021L, -91720550L, 
-2066991016L, -319262783L, -560398221L, 1150302612L, -1688487902L, 
-1295110345L, 661402113L, 1202481926L, -683133116L, -566637963L, 
-303649825L, 476901176L, -1112016618L, -1350146781L, 707024613L, 
-548786430L, -1195522704L, 971191577L, -726020853L, -1696772612L, 
605054506L, 1871605343L, -1311207959L, -1182855426L, -1129345300L, 
1495793213L, 1233309191L, 2100158960L, -135667314L, 991897531L, 
-1122135651L, -1852043446L, 1553625960L, -881597103L, 1423533635L, 
-1366979772L, -1558751246L, 813348295L, -672556143L, -1954737386L, 
1762338676L, 182236677L, 1437023823L, 610753096L, -1930851354L, 
77145363L, -1881212299L, -268384174L, -1940526432L, -746948727L, 
