.Random.seed <-
c(403L, 624L, -627372866L, -91432409L, -1543132100L, 1317402637L, 
-1494398102L, 71550435L, -1590362680L, -971349719L, 1530389206L, 
-988052641L, -1072495084L, -862002683L, -826654974L, 1062833819L, 
-711978720L, 1717327521L, -17265682L, 1477518231L, -2011223316L, 
-1055958275L, -1142442598L, -228639149L, 717365112L, 948194073L, 
1155098630L, -1805215025L, -1495958844L, -353156363L, -1037562062L, 
-1844726517L, 1084000464L, 958144145L, 1201854238L, 2037434631L, 
-1030924900L, 1310882285L, -877024310L, 1026675395L, 1532800296L, 
-1960201975L, 1063860534L, 1482722879L, 986323828L, 1924194277L, 
-1293489310L, -398428293L, -1188303744L, 1873732225L, 856485454L, 
2009254519L, -1782895540L, -1804708643L, -880398854L, -121470157L, 
-1751144744L, 757699321L, -642099610L, 654335407L, -1648629724L, 
-1033455403L, -1669737582L, 1356781035L, -382125008L, -418143631L, 
-1402351234L, 1105078247L, 785624828L, -295572531L, -919585750L, 
-891793501L, -1159328632L, 1700983017L, 660586390L, 603785503L, 
-1271537452L, -329003579L, 723765186L, 613273691L, 1233090528L, 
-871801247L, 1001160878L, 207216983L, 1438768556L, 1647066813L, 
458937946L, 1526347795L, -951394760L, 1114950361L, -257133370L, 
-254963569L, -712833660L, -1497948491L, -337131534L, 1974757067L, 
-780558448L, -1961945519L, 898104286L, -1047726393L, 489732188L, 
-1849930323L, -1855390582L, -1032897405L, -1784079384L, -1967251255L, 
-491555338L, 480834559L, 2075022900L, 992979877L, 2089341986L, 
-2139514565L, -1486703808L, -1067201983L, -345029874L, 1905158199L, 
-1836368116L, -1430185827L, -1552044358L, -63021837L, -2053388904L, 
-1403129159L, -1085816026L, -1803144337L, -209530140L, 2002547861L, 
-1148588974L, 449079211L, -801787152L, 671513137L, -610970050L, 
-1036700249L, 1845260732L, 1453957005L, -1568936726L, 1429117283L, 
763222856L, -1389150039L, -1929618346L, 320622303L, 210467732L, 
-1668515451L, -131198846L, 607900187L, -542269792L, -1917442527L, 
-521325202L, 1595432727L, -1032892308L, -1432034691L, -402213094L, 
-607718957L, 174742776L, 450693785L, -953925242L, -1864219057L, 
-921481148L, 1338948213L, 578306226L, -163129205L, -1471842736L, 
-1125003759L, 1663688862L, 1770972295L, -1383146724L, 396484973L, 
109120842L, -800168381L, 809257640L, -88452983L, -1915587914L, 
-1274078785L, 237326580L, -1980614811L, -81036062L, -737379589L, 
-348636672L, 1895330305L, -2034346034L, -391133705L, 130421196L, 
1515166813L, -116527238L, 348911283L, -108092328L, -1175842183L, 
-707137562L, 1083820335L, 1401716132L, -2021265323L, 1137362194L, 
1517533547L, 142666160L, 1154028017L, 1558027006L, 961676135L, 
339735676L, 1797067597L, 1401970090L, -1660509405L, -1212388856L, 
491475049L, -1731348202L, -2009508705L, 1406391892L, -1193745083L, 
-291956414L, -266103845L, -1361410720L, -1558008351L, 326806062L, 
2114755799L, 820478764L, 1849247293L, 1923831770L, -561681517L, 
1658887096L, 830278233L, 83938886L, -630932465L, -1136239868L, 
-1309010379L, 1318680946L, 897780299L, -1950348016L, -1232845359L, 
625509726L, 255234631L, -2040021540L, -1550633683L, -1413358070L, 
1083133955L, 1238776168L, 987643977L, -1383714954L, -195887233L, 
-588313676L, 448299813L, 1200547234L, 1958288571L, -76775232L, 
1496111553L, -1984287602L, -353967177L, -1205099380L, 1457119261L, 
2096558138L, -1943318413L, -1036500200L, -1517424071L, -1171202906L, 
1895505647L, 1486415972L, -1633473515L, 2113691090L, 296536875L, 
-1193615248L, 85682609L, -452812866L, 620007719L, -1805764804L, 
-813938931L, -1121087894L, 1545628899L, -664684344L, -177528791L, 
395564502L, 957618783L, -724635372L, -586608379L, -2027625982L, 
-100330085L, -1916392416L, -1005652575L, -1206591762L, 1459002007L, 
-1008044564L, 1084844541L, -871843686L, -1930058413L, -9594248L, 
-1240151527L, -1493034234L, -216731185L, -1445190204L, 1492726261L, 
420180530L, 355007499L, 44655568L, 528907665L, -1868305890L, 
272891911L, 2054906012L, -1185920787L, -1041535286L, -1393428029L, 
-1053366232L, 1793716233L, 1854843958L, 1932830015L, -1832155532L, 
1765969637L, 980618850L, -1270907269L, 247433088L, 281084289L, 
958579022L, 1173602679L, 645658444L, 337634269L, -1611091718L, 
1813801523L, 1851302360L, 2131333625L, -921925274L, 728380591L, 
1567101732L, 678701013L, 1927198354L, 36674795L, -939288784L, 
-256016015L, -389782402L, -1025712409L, 555170300L, -410567987L, 
-2146205910L, 205256355L, -835860600L, 894611433L, -1777421674L, 
-1687379937L, -1707291692L, 1692204229L, -91133246L, 1939887963L, 
321950432L, 1748696417L, 1937494958L, -1751754665L, 1580738732L, 
1974816189L, -992028326L, -791175405L, -825140936L, -1738257959L, 
1776822214L, -1062017137L, 1284812932L, -1869869643L, -359781646L, 
922267083L, 1405188752L, 1605924177L, 2046562014L, -1971900985L, 
478790492L, -1667687251L, 1237172106L, 1865835395L, 891180776L, 
1788698569L, -1112807178L, -2039215361L, -1703231180L, -1320133979L, 
1821898530L, -1537236933L, 468799040L, -277550783L, -1715988978L, 
-2020188361L, -1787360756L, -975067235L, -1831652934L, 2120172531L, 
1286586520L, 370995641L, 523040294L, 900139631L, 2092563940L, 
1354294165L, -349057198L, -1380176213L, -591720976L, 1332697393L, 
-1662850754L, 281734311L, -1389691716L, -688001395L, -50188310L, 
-417775517L, -1746889144L, -1665007703L, 1627279190L, -452794913L, 
1860003476L, 1813293189L, 1100919682L, 1320507675L, -1780893280L, 
-949566175L, -1435531154L, -1381247465L, -1567581332L, 555544957L, 
-303187430L, 1407932627L, 2144065528L, -2010412647L, -898435962L, 
-385966769L, 523238212L, 1685236085L, -337534030L, -55435381L, 
-2050469552L, -1629868783L, 1980822430L, 1536170887L, -1085086180L, 
1361948781L, 66637898L, -1591964349L, 72123816L, -642216055L, 
1201530294L, 1137782975L, 515685364L, -291379611L, 918396898L, 
383353339L, -641608448L, 218665217L, 1882860238L, -40977161L, 
131914956L, 1608461149L, 1179021946L, 1286856115L, 1811783512L, 
-91745927L, -1722670362L, 359768111L, -1857115996L, 53567317L, 
1874176018L, 1444053099L, 1572947120L, 686878961L, -165794306L, 
-864109977L, -346456196L, -2120195507L, 1421451434L, -428324317L, 
-197516024L, -1418129559L, -2061325290L, 194440095L, -579813036L, 
-831515579L, 353156162L, 1023679195L, 746692704L, -648917791L, 
-2119172818L, -956886057L, -206320084L, 379606333L, -1745528102L, 
2146488979L, -2128800072L, -181761703L, 90341702L, -776465649L, 
1550714372L, -1603467979L, 96853106L, -2011868853L, 1602086928L, 
-995384111L, -643655586L, 558811463L, 1972816092L, -1697774547L, 
1901895946L, 476346115L, 1300329576L, 402358089L, 2032444022L, 
-2129914241L, 173110964L, -587779547L, -1314649950L, -1653791813L, 
-1091494976L, 1094449345L, 1097400206L, -1248011593L, 1080913804L, 
-1780977891L, 1796371258L, 551171955L, -1694351848L, 2081091897L, 
-734261338L, 277476847L, 904270692L, -341992683L, 1227505874L, 
-51211733L, 1909865328L, 1157777585L, -1456065858L, 1941456935L, 
1315095100L, -1959881203L, 1744425322L, -1004989469L, 1643803592L, 
-1590173911L, -818165546L, -991383201L, 817290260L, 665796613L, 
-308574974L, -1337156453L, -1377286368L, 1438487713L, -570609170L, 
-784854633L, 1952563436L, -369133315L, -743064678L, 2124942419L, 
25499000L, 253839641L, 393661958L, -1600173873L, -15806268L, 
-801431307L, -520432334L, -1159576821L, 1738686160L, 2028788881L, 
-1183777506L, 963852039L, 303393692L, -46524435L, -760663606L, 
2060329155L, -277011672L, 1160130313L, 2130714422L, -739984321L, 
133755252L, -133153307L, -1240780446L, -1982167685L, 37692032L, 
600776833L, 1376031822L, 2105587831L, -1041710516L, -611487011L, 
1912026106L, 76697907L, 1753062616L, -1436184327L, 749386854L, 
749734831L, -985645532L, 1975359189L, -2142266990L, 1679582187L, 
-4591056L, 727933041L, 720041854L, 1144493543L, 151438588L, 1466468813L, 
-679296470L, -105144925L, 534872712L, 2109632233L, -871783018L, 
-2034747617L, 1936701140L, -745395259L, 67833282L, -632365477L, 
-1328697888L, -1268212639L, 1679238830L, 2049888087L, 123368364L, 
-285582147L, 1911479386L, 969999891L, -272378824L, -976238375L, 
