.Random.seed <-
c(403L, 624L, -1626767967L, 1402717934L, -1547279721L, -1686790676L, 
337670653L, 901914778L, 146140499L, 604979832L, -384806375L, 
-933887226L, -837961265L, 1832668612L, -687785483L, 1977735730L, 
-1205713909L, 1961888720L, -526187119L, 795136542L, -460994553L, 
-1840215908L, -905359123L, -1820404022L, 1682194883L, 63082536L, 
1950840841L, 912036918L, -807441089L, 1001762420L, -1194551579L, 
-161253790L, -787822981L, -1204801664L, 545229185L, 161327438L, 
1579649399L, -249880756L, -1835340835L, 803608826L, 595636787L, 
-1454487080L, -683075079L, 903115110L, 1447492783L, -1369687260L, 
-1979699243L, -1268179310L, -313727765L, -752992464L, -677508751L, 
-1183232898L, -75323673L, -1325374980L, 608453325L, -992286934L, 
-1473102173L, 2081255304L, 1962162153L, 1179687574L, 16476191L, 
-172297260L, 954926277L, -2009738558L, -1584423077L, 1249196768L, 
-826440351L, -1293239378L, -315744169L, 1709920428L, -516663875L, 
1426080090L, 1440737043L, 169541944L, 2011681241L, -1675358266L, 
-311185521L, -1256400764L, 1469846965L, 718050034L, 1010431435L, 
565191312L, 240975185L, 916780766L, 427881927L, -293147812L, 
-950393683L, 1538860938L, 30452611L, -1202585880L, -1031608375L, 
1348587766L, 652661503L, -1299388108L, 199385765L, 1710251810L, 
896723003L, -1962281408L, -826576575L, -2112160242L, -1936578761L, 
608055820L, 1617211293L, -47670854L, 1661701107L, 1917675672L, 
-555451975L, -1864573402L, 374067823L, -2032785948L, -11736171L, 
1143224146L, -1625196885L, -1753369104L, 1742201137L, -8400578L, 
-398936921L, -1958992708L, -1312622963L, 909219818L, -2108192669L, 
1516781128L, -286554199L, -802670762L, -229003809L, 1300467348L, 
1328197765L, 1084955522L, -1796431589L, -423206496L, 1097944353L, 
1975939182L, -737436137L, 40616812L, 748943741L, 209134106L, 
708550867L, 2042462200L, -1674112615L, -174662522L, 797402447L, 
1423975236L, 2089464181L, 2005404594L, -1405393013L, 1465842000L, 
-1022970607L, 950131614L, 1835131783L, 1937247772L, -1644775315L, 
-1101252534L, 1459541315L, 1881681320L, 136714121L, -1925460554L, 
-267650881L, -839457804L, 1547431525L, -713160734L, 1681181179L, 
-1232962304L, 1138170113L, 1485116110L, -1219328777L, -2100558644L, 
510276445L, -217851270L, -1498929741L, 608388952L, -1143498375L, 
-135656730L, 1943955503L, 2089996452L, 114124629L, 1209012242L, 
-1782593429L, 1881926832L, -85886735L, -761063938L, 179602023L, 
1066575740L, 40725069L, -363788118L, -922840541L, 1936313608L, 
-1742039191L, -1691053034L, -2001357921L, 1732176212L, -930210747L, 
-310303678L, -477928741L, 1058424928L, -286993183L, -1058085586L, 
-2044797993L, -742984148L, -902865603L, -1394162982L, -276227437L, 
-508117320L, -977399463L, 292448582L, -100082929L, -2025443836L, 
294456629L, 1154761842L, 702978379L, -591622128L, -429904687L, 
-1977909154L, 2112393543L, 870576348L, 295636013L, 1009256714L, 
1032765187L, 1241848936L, -1527707831L, 1504348790L, 17751679L, 
2025037492L, 1704540709L, 1573679266L, -284136517L, -1319517248L, 
1469219009L, 295430030L, -332881225L, -813394036L, -2140440803L, 
-1036526790L, 940998515L, -1913657832L, -1109231303L, 129759142L, 
-1262567953L, 710032228L, 1279370005L, 149727442L, -756557269L, 
-2081889424L, 1484443825L, -408741186L, -524939225L, 1086581308L, 
-1174168051L, -1040631446L, 904354787L, 1171397576L, -1334745303L, 
1949675734L, 2043640159L, -1918041068L, 1087719429L, 125299970L, 
-15473509L, 707063584L, -1898439519L, 2032409070L, -249046633L, 
-57874196L, 1301709053L, 1192174490L, -813149101L, 1892072824L, 
607965465L, -328550906L, 1924665551L, 1192163524L, -1570559755L, 
997276978L, -1761899765L, 948496080L, 539583633L, 1070720286L, 
-1462436089L, 42636188L, -1508696083L, 366778826L, 1329621187L, 
615041832L, -1197230327L, -496105674L, -273710017L, 1568872820L, 
-1548073499L, -677668510L, 667274619L, -1303393664L, -1582454655L, 
-232817586L, -120291209L, -1926763956L, -98010403L, -612066310L, 
555129139L, 1041450200L, -188409607L, 487760998L, -559098961L, 
-355178972L, 996777685L, -1887829614L, 408529899L, -1183540688L, 
140765297L, -1287659650L, -1476567577L, -1047532292L, 1011192269L, 
1575627306L, 1121052067L, 274803336L, 931133161L, -403993194L, 
996605727L, -879894828L, 331363269L, -951093822L, 425600603L, 
1051874784L, -1727323039L, 1126567598L, -1025075369L, 1605213100L, 
177824957L, -1414511526L, -1275507181L, 363691064L, -1485614887L, 
1129038534L, 2136278671L, 1325040516L, 2060256437L, -1004603918L, 
-1791345461L, -1316749936L, -668836783L, 780470750L, 199699655L, 
1915483740L, -1626147923L, 1278864010L, -439102845L, -1630324248L, 
587081417L, 340149238L, 296610303L, -416984012L, 1381962149L, 
-609517022L, 538242875L, -1339780800L, 2045284417L, -19934962L, 
1796611639L, -25821940L, -1084146019L, 1873419450L, 728265459L, 
-2089983080L, 809466041L, 1420693798L, -1217877649L, -656846620L, 
350869L, -1535632814L, -405455445L, -1215360784L, 1381810225L, 
1782146110L, 1581935527L, -1263095876L, -1393343091L, 518249194L, 
696135523L, -774440632L, -317307223L, 1125526102L, 54281439L, 
-341739116L, 1561255813L, 633847426L, 606218267L, -746685280L, 
1161686049L, -2085305490L, 1763382551L, -1613164948L, 351799421L, 
1804215578L, 1184630739L, 2133523192L, -14577511L, -1831759994L, 
-979387313L, 432590404L, -1500864395L, 127758002L, -2040353141L, 
1315820624L, 906695697L, -353046882L, -2065753465L, -712500964L, 
6195053L, -1610613942L, 453573699L, 390359208L, -2084546935L, 
-1678557002L, 2093617087L, 1079660276L, 1833409893L, -1027855646L, 
-1447177989L, 1637357568L, -134006783L, -59972146L, -1867678729L, 
640602060L, -1009401251L, 1869110650L, -523498317L, 1824408152L, 
1153145L, -1957806618L, -994951377L, -819922012L, -2049649067L, 
-794365166L, -2095411349L, -453490768L, 1042634737L, 21997822L, 
-1050855065L, -856149380L, -271795891L, 631655338L, -475252445L, 
1223919624L, 1358190185L, -1837791466L, -955299169L, 2024264788L, 
-125744315L, -610220222L, -786437669L, -11967648L, -1959758879L, 
1603287086L, 293950167L, 533676332L, 1081240637L, -681785894L, 
-248479341L, 469711288L, -1694003111L, 398203974L, -1420283377L, 
-499525372L, -245629899L, -290674830L, -1942691765L, -704222448L, 
564366289L, -907963554L, -1317222329L, 1063189468L, -1917461715L, 
-1846621174L, -929044989L, -1396943000L, 984237641L, -432734858L, 
113505663L, 1407322548L, -1338775259L, -1517448286L, 1451258555L, 
1030381248L, -205676607L, 1874246286L, 2002426295L, -955096436L, 
-1153038819L, -1954587078L, -1962842509L, -926555880L, -1275365319L, 
1572022950L, 1279890671L, 1751869028L, 2023232021L, 1556515794L, 
-337010389L, 1752186480L, -1820479567L, 759344574L, 1324730151L, 
2098492732L, -1466831603L, 1391557738L, 723256035L, -193538360L, 
-1562761687L, -1563843626L, 1017122911L, -1117720812L, -2116585723L, 
1637519362L, -1843958885L, -1730999776L, 581090209L, -1149735698L, 
-1444589417L, 38810604L, 550014973L, -1562982L, -579421357L, 
451557496L, -1427812327L, -825530106L, 1446930383L, -1559387196L, 
-419358731L, 571252786L, -2005872117L, -821182000L, 1118552977L, 
-536152034L, -276810233L, -2106548580L, -891752723L, 1657167050L, 
-2007461949L, 1039861288L, 1736177161L, 533428790L, 1163631423L, 
-864254860L, -1763445531L, 1558166626L, 2015155323L, 2052810112L, 
81250177L, -1653780658L, -321030281L, 1675670860L, 426904029L, 
883891962L, 868778035L, 642007000L, 1539119097L, 681367398L, 
1408150191L, -8875740L, 1141837269L, 1368843410L, -469601557L, 
683078960L, -635058319L, 1657959038L, 1154749671L, -137660420L, 
990044365L, 1199926570L, 2039319715L, 320923016L, -494422551L, 
13795478L, -642869729L, -997406252L, 1423008453L, -260761406L, 
-1731678885L, 920350944L, -2091596959L, 1009607086L, -537194921L, 
706471596L, 163214269L, -1242806438L, -181488365L, 1789654840L, 
511365081L, 1958704582L, -1408082545L, 386150020L, -751176779L, 
175986930L, 483820491L, -2143037296L, 14924625L, 36773086L, 1554604999L, 
830275932L, -74988883L, 323399050L, -1275922045L, 1774220520L, 
-369793591L, 896972534L, -1907293953L, 350863156L, 1561837733L, 
